958410
780604
979581
159598
508812
997607
400769
653563
135744
637129
580717
391367
415885
279416
744803
572705
166127
579294
479132
935565
814812
444289
492512
878922
574081
249859
840198
693353
615300
471098
453898
454335
352710
831259
111396
362069
315395
382437
451270
775475
920054
712093
132620
293709
295294
741514
556286
547530
604967
297355
655545
649555
337477
278499
966784
638076
278744
654860
330914
159719
187442
827156
248387
371055
101753
169511
868655
880710
323901
920033
867588
757464
682861
701474
544185
517497
384593
972885
328110
716018
534206
618814
727816
723166
974679
358807
550553
309024
708043
581053
633706
941042
454188
916155
701172
466664
786849
147693
585220
928860
541234
621284
385344
338201
696226
977458
432361
285256
510038
184524
897185
789399
391114
751988
559489
120337
105836
815023
318965
587905
451155
965888
545548
305596
213732
406829
301426
537059
600290
753394
957750
187438
688120
380605
323797
254345
727367
840807
651909
316125
527077
302545
884749
599469
622443
386892
264778
623866
