6803150
3802524
1235947
3730912
1653817
6956772
8732541
2135277
1370235
8403735
2158101
8810990
4763316
9147128
9426511
5625542
6462543
8516799
3776545
4477855
1558619
5258283
5829971
3629708
3021874
6335312
6907127
1117608
5195659
3694619
3861289
1097484
6085916
4404054
6804599
4185180
9584579
2179543
3783233
1387070
6516794
6929090
6959711
7888406
4722828
5415300
6950232
1988333
2216952
3300936
7715216
9257028
7657148
6290354
2436586
9395430
8248076
5169631
7930432
9964313
6436306
8005511
8569983
3438189
1150229
4405502
9402411
9745153
9751348
7112593
5877314
8684756
2864787
4568519
1949766
9187941
5358255
2493061
1249600
5985307
7905549
7753265
2470337
6502133
6245081
8527870
3904042
1087134
1254411
7141899
3691495
9852139
4832627
5267149
4259594
3306019
7820381
6490607
5583289
2235477
9656292
6287350
8618138
5716715
5936281
1611918
3519603
4068985
5317133
4615161
2248711
9579416
4925579
5229586
1684946
8446003
5336947
3220537
4025316
3859685
5627000
1333826
1730896
4116410
3475665
6808721
6278557
9568096
6604227
3346264
6255151
6726812
4457673
7905037
1633516
1647625
7649625
8625901
4588992
6938205
1384575
7893727
3060264
9830555
5933862
8161646
8028370
3141214
3299539
2610647
4860521
5265014
7087965
7926341
8555458
6474120
1934495
2133564
5568863
9348251
9269134
3753960
6848687
2273026
3419960
1318423
2896666
2970162
8835883
4603566
1588104
4608881
8792835
2497901
1464568
9173611
6660892
7964274
7494239
1172679
1354380
3119221
1546217
5766255
1833905
4397129
2579999
4192064
3323949
2945987
1559414
3469715
7791956
5260718
3694571
1940701
3864148
6700842
3509805
1983298
6365242
6470672
5806014
4889093
6046507
8505387
4753675
1721743
2098215
7614001
4732040
2092073
1019228
3077325
3006300
8339746
2731480
1075853
3256445
6168496
6084474
2475943
4244783
1108850
3258636
2044124
9041676
1778862
1072282
5126376
9686374
5006698
8203627
9577665
5599630
5453076
9196196
9554206
9343607
2174854
9261913
7578205
5516828
1406834
7708668
4755683
6234905
7164534
1311916
9130492
1328321
9720034
5101401
9316741
9142190
3587049
6942443
6362470
4759427
2513672
2616012
3728165
9732046
9966511
5564347
2932190
6141899
4389325
2114724
8462777
3862625
7898138
6350891
9311246
8648303
9960075
1019550
1760284
5693584
2821223
6136341
7485462
5123428
4711769
6119294
1033410
9015808
3534431
1749772
3955599
6969445
9829252
2265387
8958101
2957996
2576548
6862344
1554398
3289370
2073343
1070163
8987817
8113741
5310476
5754625
9054065
6305467
1300605
4531760
6226723
4443989
7011478
5687328
8307894
3603875
3655325
2834419
6906346
8746869
5319321
4476334
4607773
6620664
2043096
8430999
1824885
6194545
4581352
9609355
3776754
3168733
7003258
5757198
5892419
7813236
7702615
4013857
6133930
8257137
4021992
6395965
9864027
6191606
6159206
9036195
8334857
8304915
9051609
3225088
6812898
6109732
7331079
4203161
4990777
1618834
7896539
6954822
9669898
1898602
4533733
7487885
9253246
8152693
7857714
4499727
8340966
8173097
5736436
3394151
8087312
4637617
4408621
8144268
9585042
3040178
7047088
8231478
6368745
1430636
6493548
2313729
6906414
3942425
1336105
1652068
1485573
8352883
6222331
4583961
4098179
3228765
6816076
3590791
7665461
7830281
8811575
9899528
6733014
5067635
7179906
8595824
6074164
7604595
8359470
8096777
3672925
2153176
6210184
6724683
6424685
1948778
2078871
1084999
8258210
7651455
4835303
9669200
2960320
8533961
7946550
4815526
4109489
1043138
3420618
2690876
4028388
6681967
1636404
3702983
9696697
4206851
7379659
8274697
3882686
4138004
5451012
8818195
1227672
3180792
2568049
1348195
2034417
1569143
7054722
5653914
8496074
2687266
7987738
7661834
5937760
6223437
5633617
4160109
9586741
8331029
6528529
6818015
4234657
4467652
1735043
3605247
3323850
5688966
1944883
6441032
1399591
1419038
9295782
7035605
9998341
5060038
8827448
7066795
3719236
7008560
6190038
7045297
1289363
5787317
5876755
6190440
6515302
4763829
6574216
6427597
1180984
2434561
9723888
3968778
9695454
9112957
4949227
5692423
9436625
6168022
8994547
9056407
4142258
8847110
8263354
8587781
2031479
6012147
7410649
6322770
4346974
5900390
4631909
1652367
1082292
9908060
8821309
4196929
8040202
7897066
3006702
3169822
5205359
3241149
4360354
5668191
9716482
6791328
9906485
2972489
7859890
4375937
4288228
7316084
7857406
1362049
8125157
9679506
7022085
2807186
8063647
8858298
3329819
7309049
5172757
3406859
8755378
5889448
6373890
8355534
4124951
9857208
5213855
6754765
7215484
4188202
6280079
1326751
7706951
9277091
3376125
5588714
8914483
5674038
3601521
6802764
9372766
2721237
4951398
2598159
2355959
7422654
4413400
8485266
1780768
4605898
7303800
8828390
1394594
1444438
5610927
7580849
3422431
4068480
5846458
2846325
4288924
2673451
8569083
7266497
4824528
3838892
9413827
8668814
8421281
9646601
7526319
8562846
1415658
7736562
9447229
3215908
5635011
5829942
7276605
5614231
3561484
5017037
6219061
5279236
1438662
2208698
2677888
3772496
1643500
3918202
8206504
4322443
4466514
5446617
8374052
6134296
8742853
5803720
8201682
7791093
7094501
9103138
2406973
3245016
2045115
9875788
9486605
3214085
7044045
9969984
8253726
8083790
3924529
7589283
1303513
2047916
9243994
4187122
9037313
4965746
3019954
8555410
7705545
4617667
1960241
9072548
5784734
6111717
1243986
1658230
4958555
8592947
9689632
6398162
8861724
6803013
7864445
5174245
3628764
1297630
7425550
2215847
8156139
9405703
6649193
2517649
3569457
6310850
3450065
7302546
7413826
6465936
5593458
2067612
3600673
5613416
2411776
8592135
3087875
8363314
7942002
6390830
9160166
6262072
6861254
6569936
9393053
8461666
9267482
7422882
2824899
9956128
1181409
5378829
8112588
8281431
5985880
4532037
4492767
6733504
4172852
2823746
7071394
4075398
9078034
4990627
5503319
4419060
4167500
1999305
8163454
7075654
2938065
3221625
7434309
7806924
6233209
9119002
9209374
9100374
9498287
6051572
7181737
9960959
8200533
8119421
5680416
1706633
6504344
8160109
4024028
9461515
4455276
4990685
8481929
9804232
7185029
8592895
9090688
8140251
7763420
6769770
7789411
2199797
8295904
7267464
5839891
8318577
8553231
6108843
3035392
4275001
3498282
4230201
5035536
8189508
5140393
8323956
5269724
2899735
9966316
8246414
5313451
7261258
8556224
4853326
3531376
3255811
3761979
2751877
5646198
6680042
2210035
9615214
1794638
4105965
2408587
3014278
7811284
7514132
9976536
5789791
2258819
6032913
7423471
6642953
6859417
2137392
8611923
6539971
3715920
1989430
2043667
5559946
5185274
4687449
8992225
6978299
5800346
6528969
7128702
3433208
6830213
9031689
1666305
3710327
5221209
9122996
4468034
9903806
8376721
4136698
9258488
3222829
1491778
7111871
5418821
4668471
5390441
2571917
6783108
6384985
9690750
8275597
3155079
3608344
5831157
4347752
3059107
6790806
8201779
1282393
9610012
8025903
9972499
5557887
2001803
3616105
1748172
8752877
6390282
1029604
5831411
4224171
5617755
2506379
9793274
6110094
4497640
1615023
3462545
8360660
7762497
2587657
7691932
6203441
9637931
1449690
9574020
4591133
3208580
4620897
9063605
9896853
1045397
5462632
2185974
5740965
6551677
9213825
2394090
7199842
6579788
4010662
2278857
5924717
9006936
5252082
2784207
1059953
4494268
9627194
8822405
7910551
3989546
2406070
8378194
7003964
6003552
1435922
3899420
6899845
6555114
3101602
4200967
7340575
9570915
7398842
7788014
2005324
8635037
8980082
1479142
2897810
8788630
3137026
3449017
8933756
8776450
7673470
7847725
3200954
3852090
4300076
4027576
4783032
8526205
1918364
3198288
2036762
8056811
3210313
4507980
9727717
9097520
8128416
6421993
9094120
7130454
9311010
6691794
8947228
5605205
6688335
6198227
6412627
8532215
2268108
4481633
5989581
4980907
2929260
8165617
2059549
9380238
9257002
9482646
4009253
5117728
4920384
6873776
3960353
5588786
8683591
2297882
7399152
5094331
8244437
1026195
7407858
4663110
3983937
3536566
3871008
4169131
9255114
6092053
4061936
3033170
9271376
8312898
7026160
3791435
3833423
1899955
9435317
3885356
3523401
2658624
8789235
1259475
4752966
8151837
1581777
5040447
6148680
2405517
8240711
5672948
9140953
7286053
2437625
1259952
2713712
9307571
7257106
4766853
7556387
9634515
4182503
